Id	Chr	start	stop	pos_max	max_weight	SI	Size
CNAG_00016	1	53265	53298	53275	1071.15	-0.604944973929	34
CNAG_00034	1	101064	101068	101064	2888.76	0.999514086262	5
CNAG_00052	1	154275	154291	154276	2938.73	-0.56258868767	17
CNAG_00061	1	169286	169293	169286	37350.2	0.89077571978	8
CNAG_00065	1	177327	177369	177327	2560.29	-1.88524359038	43
CNAG_00067	1	184028	184088	184058	838.43	-2.05273604896	61
CNAG_00116	1	315011	315018	315011	9298.61	0.795742123989	8
CNAG_00135	1	367887	367912	367894	2166.15	-1.22094086468	26
CNAG_00187	1	506995	507035	507002	1173.0	-1.07491425831	41
CNAG_00254	1	665558	665618	665558	1733.8	-2.17610256536	61
CNAG_00261	1	686812	686839	686813	1036.72	-1.11055425137	28
CNAG_00294	1	757262	757284	757269	1107.47	-0.921314029408	23
CNAG_00306	1	787887	787895	787887	992.67	0.0482043167667	9
CNAG_00315	1	809464	809499	809491	4981.43	-1.35189427576	36
CNAG_00355	1	904524	904559	904533	925.26	-1.61970588422	36
CNAG_00409	1	1076515	1076618	1076590	1976.48	-2.90393850924	104
CNAG_00424	1	1109268	1109308	1109284	837.53	-1.76300977559	41
CNAG_00453	1	1174882	1174905	1174883	4204.18	-0.603372296583	24
CNAG_00483	1	1242491	1242514	1242497	1514.09	-1.37031060054	24
CNAG_00605	1	1554135	1554144	1554135	1705.94	-0.418628410376	10
CNAG_00605_left	1	1554068	1554094	1554070	612.55	-0.780757949813	27
CNAG_00614	1	1578259	1578302	1578275	774.03	-1.54021607198	44
CNAG_00637	1	1650105	1650122	1650113	1464.64	-0.260014213422	18
CNAG_00637_left	1	1650062	1650087	1650077	429.13	-1.20990674072	26
CNAG_00640	1	1656563	1656579	1656572	4944.43	-0.384466881312	17
CNAG_00656	1	1707318	1707342	1707335	3091.79	-0.712545335144	25
CNAG_00672	1	1746894	1746895	1746894	12681.7	1.34984282858	2
CNAG_00694	1	1806897	1806943	1806910	5854.37	-1.53288868724	47
CNAG_00716	1	1866732	1866767	1866733	1737.41	-1.66386132846	36
CNAG_00779	1	2051997	2052025	2052018	4022.83	-0.391681748983	29
CNAG_00785	1	2063483	2063500	2063492	3891.01	-0.526256209867	18
CNAG_00806	1	2131660	2131685	2131667	2166.5	-0.671030184189	26
CNAG_00809	1	2139494	2139524	2139508	1000.1	-0.587793175117	31
CNAG_00834	1	2212825	2212846	2212831	5320.21	-1.03189011179	22
CNAG_00984	5	1505654	1505679	1505654	5994.53	-0.875067156219	26
CNAG_00994	5	1486041	1486043	1486043	1127.65	0.880447795941	3
CNAG_00995	5	1483206	1483226	1483208	2165.84	-0.84755679579	21
CNAG_01019	5	1416589	1416652	1416590	863.68	-2.25381132548	64
CNAG_01031	5	1393055	1393061	1393057	3673.12	0.112665166104	7
CNAG_01047	5	1352704	1352728	1352706	939.06	-1.12287437493	25
CNAG_01136	5	1108286	1108297	1108286	867.69	1.03645681379	12
CNAG_01137	5	1104721	1104726	1104721	2769.09	0.191518821678	6
CNAG_01147	5	1079429	1079500	1079441	845.4	-1.87368488575	72
CNAG_01150	5	1069066	1069079	1069066	810.02	0.73860059252	14
CNAG_01152	5	1066033	1066035	1066033	7004.63	1.10183392691	3
CNAG_01181	5	988751	988777	988755	5622.17	-1.20174083235	27
CNAG_01185	5	978583	978611	978609	3022.65	-0.248782197015	29
CNAG_01202	5	938842	938878	938856	839.3	0.256310601871	37
CNAG_01204	5	934803	934813	934810	2683.55	-0.80940446553	11
CNAG_01224	5	884036	884046	884039	17493.49	0.0475683080048	11
CNAG_01274	5	728744	728768	728751	1384.81	-0.0416511601983	25
CNAG_01284	5	691279	691327	691308	8615.12	-1.89303108766	49
CNAG_01300	5	647032	647081	647046	1227.68	-2.12076651118	50
CNAG_01309	5	623416	623459	623431	1520.48	-1.620927984	44
CNAG_01320	5	601405	601421	601415	850.61	-0.757180113349	17
CNAG_01322	5	598049	598083	598056	866.48	-1.94234889045	35
CNAG_01417	5	363648	363652	363648	2786.28	0.85099932652	5
CNAG_01439	5	306413	306433	306429	1974.28	-0.472557071984	21
CNAG_01455	5	270501	270537	270525	19635.28	-1.30383840202	37
CNAG_01486	11	87704	87706	87704	2817.94	1.12276124368	3
CNAG_01558	11	273810	273824	273810	19772.2	-0.148123441222	15
CNAG_01587	11	361250	361265	361257	1743.97	-0.813007616119	16
CNAG_01594	11	375438	375452	375450	1002.62	-0.413944173858	15
CNAG_01596	11	381442	381464	381449	1254.93	-0.609606053317	23
CNAG_01683	11	604116	604122	604116	804.57	-0.0628458022946	7
CNAG_01753	11	795255	795269	795259	17539.78	-0.540542166297	15
CNAG_01800	11	961373	961379	961377	1574.81	0.0618448289702	7
CNAG_01824	11	1010692	1010743	1010734	1159.87	-1.74951412915	52
CNAG_01840	11	1049937	1049939	1049937	6426.42	0.822289979291	3
CNAG_01846	11	1069914	1069946	1069919	1319.06	-1.03365868614	33
CNAG_01861	11	1114471	1114474	1114471	1529.01	0.93804043075	4
CNAG_01881	11	1166381	1166388	1166383	2781.97	0.0351277188572	8
CNAG_01884	11	1174293	1174335	1174311	5556.71	-1.46532307152	43
CNAG_01890	11	1185348	1185349	1185348	7050.79	1.3237437049	2
CNAG_01920	11	1268803	1268811	1268805	4375.53	-0.469117540814	9
CNAG_01951	11	1349213	1349230	1349217	10751.06	-0.410870393622	18
CNAG_01976	11	1421456	1421472	1421471	1894.7	0.951169582629	17
CNAG_01991	11	1473643	1473671	1473650	894.86	-0.940748577007	29
CNAG_02055	6	1318689	1318710	1318697	776.73	0.0547786331407	22
CNAG_02070	6	1280239	1280259	1280254	70050.7	-1.13935709098	21
CNAG_02099	6	1193253	1193273	1193253	879.93	0.0119589518692	21
CNAG_02133	6	1110611	1110644	1110632	1227.42	-1.52091290439	34
CNAG_02144	6	1083993	1084000	1083993	1981.66	0.36486232814	8
CNAG_02182	6	970362	970370	970364	2967.43	-0.0343345675	9
CNAG_02182_left	6	970362	970370	970364	2967.43	-0.0343345675	9
CNAG_02182_right	6	970402	970423	970402	843.7	-1.92240466041	22
CNAG_02200	6	932054	932102	932081	1134.18	-1.7467088568	49
CNAG_02212	6	904224	904239	904235	804.81	-0.363461987977	16
CNAG_02216	6	893279	893394	893299	2500.91	-2.80042157951	116
CNAG_02234	6	835711	835721	835719	19450.9	0.32750255093	11
CNAG_02257	6	772139	772157	772147	1496.46	-0.660726642625	19
CNAG_02260	6	763884	763936	763935	1051.59	-1.93083108188	53
CNAG_02266	6	744592	744620	744599	1804.27	-1.41642374309	29
CNAG_02280	6	712337	712376	712354	2756.46	-1.66373314339	40
CNAG_02330	6	591679	591686	591679	5527.81	0.837490335907	8
CNAG_02359	6	522841	522855	522848	5392.03	0.187397853833	15
CNAG_02362	6	515070	515076	515071	1627.72	0.514611875146	7
CNAG_02434	6	336074	336100	336074	1550.91	-0.634282727688	27
CNAG_02485	6	190041	190090	190056	1037.53	-2.0056009581	50
CNAG_02500	6	149730	149780	149755	816.82	-2.15038731019	51
CNAG_02545	6	37130	37147	37144	4130.91	-0.482338541563	18
CNAG_02545_left	6	37054	37061	37054	2871.9	-0.0708085353056	8
CNAG_02550	6	21203	21242	21229	2006.44	-1.61399036371	40
CNAG_02673	3	1060191	1060210	1060207	6914.57	-1.51576088263	20
CNAG_02720	3	913666	913710	913673	1453.26	-1.32340505602	45
CNAG_02748	3	852098	852117	852098	1105.17	-0.429774613704	20
CNAG_02748_left	3	852080	852080	852080	295.38	2.0	1
CNAG_02761	3	826697	826741	826713	10890.93	-1.98101920321	45
CNAG_02769	3	811286	811358	811309	1664.77	-2.13801600324	73
CNAG_02791	3	758518	758544	758518	1270.8	-0.823813289512	27
CNAG_02843	3	634341	634379	634367	781.23	-1.41310132285	39
CNAG_02864	3	580331	580340	580337	1901.52	-0.395750617221	10
CNAG_02880	3	542696	542730	542709	1652.68	-1.48327033228	35
CNAG_02899	3	500425	500432	500428	1064.27	-0.443523525348	8
CNAG_02901	3	493698	493714	493703	3061.33	-0.535359825161	17
CNAG_02956	3	351725	351776	351754	9676.15	-1.76318890052	52
CNAG_02974	3	303478	303496	303492	2679.81	-0.351308242838	19
CNAG_02991	3	262596	262669	262646	1373.85	-2.33001128507	74
CNAG_02995	3	252380	252417	252404	2259.82	-1.00473670939	38
CNAG_03000	3	237723	237764	237754	2503.77	-1.61143785064	42
CNAG_03002	3	234139	234152	234147	4705.46	-0.702821893641	14
CNAG_03031	3	158255	158276	158272	1059.69	0.0405815319477	22
CNAG_03058	3	98794	98805	98800	10622.38	-0.791073890248	12
CNAG_03114	8	83668	83684	83672	1728.93	-0.089517990549	17
CNAG_03127	8	131768	131786	131768	7104.45	0.395714024229	19
CNAG_03143	8	174225	174231	174228	105475.1	0.0217580826099	7
CNAG_03198	8	318137	318159	318147	6591.96	-1.27586183138	23
CNAG_03282	8	561400	561449	561442	883.97	-2.05086164341	50
CNAG_03283	8	563384	563396	563387	74888.5	-0.51892846615	13
CNAG_03289	8	573457	573468	573462	4480.5	-0.17377272348	12
CNAG_03303	8	606028	606041	606033	17416.47	-0.299898254775	14
CNAG_03316	8	633445	633462	633452	1003.45	-0.955536996318	18
CNAG_03323	8	648424	648482	648475	1252.52	-1.69513832541	59
CNAG_03359	8	744193	744227	744199	1234.49	-1.74750332859	35
CNAG_03373	8	788267	788330	788305	3248.99	-2.32117279866	64
CNAG_03375	8	789920	789931	789927	1493.21	0.598626286872	12
CNAG_03385	8	813557	813561	813557	1078.35	1.1808200349	5
CNAG_03408	8	879606	879627	879614	1446.33	-0.802443303456	22
CNAG_03419	8	903269	903291	903273	1181.59	-0.320083233404	23
CNAG_03495	8	1106070	1106094	1106080	1400.76	-0.929983089374	25
CNAG_03544	8	1242264	1242296	1242277	2777.71	-1.55600616677	33
CNAG_03565	8	1289275	1289354	1289331	1153.83	-2.31425468082	80
CNAG_03572	8	1304865	1304884	1304865	5463.92	-0.292717571133	20
CNAG_03606	2	319283	319301	319298	1543.31	-1.10484057271	19
CNAG_03627	2	383336	383348	383341	11449.43	-0.732668558501	13
CNAG_03677	2	512356	512426	512400	2297.13	-1.63671243378	71
CNAG_03705	2	577642	577665	577652	3010.79	-1.16911195494	24
CNAG_03722	2	622958	622985	622975	2832.27	-1.15102376821	28
CNAG_03726	2	632340	632360	632359	872.41	-0.80545111959	21
CNAG_03739	2	668716	668722	668719	22369.31	0.473253404079	7
CNAG_03780	2	797629	797635	797632	2645.58	-0.130603291182	7
CNAG_03810	2	905009	905042	905029	972.05	-0.336137817364	34
CNAG_03865	2	1040623	1040670	1040666	1728.23	-1.38016643415	48
CNAG_03892	2	1111671	1111696	1111671	6698.22	-1.03993954438	26
CNAG_03959	2	1277654	1277728	1277699	1402.72	-2.11786830383	75
CNAG_04004	2	1374335	1374358	1374351	12472.08	-0.432142763433	24
CNAG_04011	2	1394911	1394919	1394912	24980.2	0.667026823413	9
CNAG_04021	2	1417492	1417517	1417510	4301.25	-0.732275818489	26
CNAG_04028	2	1439663	1439667	1439663	4866.48	0.516291937206	5
CNAG_04043	2	1483857	1483857	1483857	1044.5	2.0	1
CNAG_04054	2	1508401	1508464	1508420	6835.69	-1.58203732967	64
CNAG_04076	2	1565638	1565660	1565646	3792.09	-1.16907823796	23
CNAG_04080	2	1573175	1573215	1573203	891.92	-1.21627359864	41
CNAG_04114	9	40628	40655	40642	7404.53	-1.29080286651	28
CNAG_04132	9	91648	91669	91658	1130.5	-1.01351817759	22
CNAG_04156	9	152281	152318	152313	1057.74	-1.24522337968	38
CNAG_04163	9	171011	171058	171026	970.23	-1.42403685496	48
CNAG_04168	9	182904	182930	182917	3831.54	-0.776333374071	27
CNAG_04175	9	200246	200270	200257	944.19	-0.604135267174	25
CNAG_04183	9	222943	222944	222943	1453.47	1.51018505701	2
CNAG_04209	9	297252	297256	297253	3498.36	0.572974084104	5
CNAG_04212	9	306481	306500	306494	912.73	-0.911929023667	20
CNAG_04224	9	334977	334994	334979	2439.89	-0.738173049343	18
CNAG_04235	9	363311	363337	363316	892.78	-0.775079584531	27
CNAG_04259	9	419180	419195	419193	2932.93	-0.0747987032217	16
CNAG_04322	9	562333	562342	562333	8616.06	-0.425650039261	10
CNAG_04388	9	733598	733641	733607	1180.71	-2.0402020314	44
CNAG_04445	9	886289	886296	886289	15804.57	0.56674793204	8
CNAG_04637	10	811585	811661	811631	831.02	-2.22827089308	77
CNAG_04640	10	797617	797618	797617	863.95	1.68915267738	2
CNAG_04667	10	733683	733729	733711	814.66	-1.20807219383	47
CNAG_04679	10	711212	711228	711212	1786.67	-0.572023223575	17
CNAG_04715	10	605651	605657	605651	1361.92	0.687248096513	7
CNAG_04727	10	567551	567575	567572	1004.21	-1.07230758499	25
CNAG_04744	10	520269	520301	520290	2460.57	-1.71602915628	33
CNAG_04750	10	508282	508346	508303	1787.77	-1.67758065839	65
CNAG_04762	10	468698	468729	468706	3377.46	-1.47184597638	32
CNAG_04785	10	408749	408808	408773	1512.93	-2.22808524319	60
CNAG_04802	10	362126	362147	362146	775.51	-0.10686542701	22
CNAG_04802_left	10	362126	362147	362146	775.51	-0.10686542701	22
CNAG_04802_right	10	362167	362189	362177	241.99	0.028884449209	23
CNAG_04817	10	317977	317977	317977	875.22	2.0	1
CNAG_04821	10	309469	309500	309495	6728.16	-1.4242350262	32
CNAG_04828	10	298411	298460	298427	861.43	-1.4027295803	50
CNAG_04844	10	253588	253605	253588	1114.31	-0.309936211971	18
CNAG_04883	10	114962	114991	114985	3678.11	-0.643871620089	30
CNAG_04903	10	71786	71797	71796	37751.36	-0.078725929657	12
CNAG_04953	4	66796	66823	66808	8126.48	-1.73808540515	28
CNAG_04985	4	149186	149224	149218	951.16	-1.55640590603	39
CNAG_05013	4	226329	226363	226342	1207.6	-1.14350901571	35
CNAG_05095	4	422085	422124	422106	2306.78	-1.55331717974	40
CNAG_05109	4	449893	449943	449941	915.5	-1.46629151573	51
CNAG_05148	4	556003	556008	556003	810.57	0.384541965166	6
CNAG_05167	4	608657	608666	608657	11493.77	-0.152142987123	10
CNAG_05196	4	692756	692783	692780	797.16	-1.92856487153	28
CNAG_05225	4	778342	778378	778365	1170.15	-0.930073291335	37
CNAG_05232	4	795474	795478	795474	15000.11	1.45798326846	5
CNAG_05236	4	804958	804993	804965	908.9	-1.45294964437	36
CNAG_05258	4	862911	862919	862911	4808.7	0.326967521504	9
CNAG_05262	4	875192	875227	875225	931.02	-1.38889695212	36
CNAG_05267	4	888026	888048	888037	3531.1	-1.15713475931	23
CNAG_05424	14	276173	276198	276194	8130.63	-0.666299433034	26
CNAG_05437	14	309718	309736	309725	1049.03	-0.925598650798	19
CNAG_05449	14	341269	341285	341269	4294.49	-0.74594784145	17
CNAG_05457	14	357923	357984	357978	778.91	-2.14929995473	62
CNAG_05525	14	553942	553970	553948	14670.21	-1.57896984861	29
CNAG_05556	14	632740	632756	632749	3152.84	-0.254060869827	17
CNAG_05579	14	683573	683624	683596	978.78	-1.62964457005	52
CNAG_05596	14	735846	735893	735876	918.02	-1.72514415974	48
CNAG_05637	14	840774	840850	840807	851.71	-2.09903529553	77
CNAG_05683	7	605528	605544	605536	8795.61	-0.49004796614	17
CNAG_05701	7	652542	652552	652547	3733.93	-0.48546603289	11
CNAG_05720	7	691649	691702	691673	854.49	-1.49031775806	54
CNAG_05800	7	911679	911708	911702	3317.85	-0.587374559882	30
CNAG_05845	7	1023448	1023482	1023459	1457.61	-2.05065671243	35
CNAG_05874	7	1093112	1093120	1093114	1476.71	0.201766897392	9
CNAG_05893	7	1131111	1131125	1131118	998.01	-0.339205528583	15
CNAG_05904	7	1171859	1171889	1171882	10567.86	-0.922569173136	31
CNAG_05918	7	1211489	1211500	1211491	2504.45	-0.906577402581	12
CNAG_05926	7	1233428	1233450	1233434	1239.23	-1.21630488725	23
CNAG_05932	7	1248439	1248466	1248459	893.55	-0.876186367682	28
CNAG_06095	12	293509	293543	293535	1812.32	-0.795445698776	35
CNAG_06096	12	295188	295218	295193	1954.83	-0.494894006851	31
CNAG_06109	12	332386	332414	332395	4238.3	-0.903666150678	29
CNAG_06121	12	367361	367383	367380	1146.38	-0.548975323256	23
CNAG_06127	12	380518	380567	380551	3896.98	-1.75175552895	50
CNAG_06138	12	406060	406092	406082	941.56	-1.29383786002	33
CNAG_06153	12	442061	442093	442084	5829.39	-1.23130021626	33
CNAG_06207	12	628386	628395	628392	21783.01	0.13003641466	10
CNAG_06208	12	630736	630822	630776	1174.54	-2.67194213561	87
CNAG_06222	12	668944	668959	668952	26969.44	0.00721947006031	16
CNAG_06229	12	686830	686868	686841	852.92	-1.0019215947	39
CNAG_06274	13	55665	55684	55671	2047.36	-1.06343641742	20
CNAG_06288	13	99320	99353	99343	1662.43	-1.09535214944	34
CNAG_06298	13	123951	123958	123954	12195.23	-0.053696685367	8
CNAG_06372	13	321364	321384	321364	2558.73	-0.427196294606	21
CNAG_06377	13	332589	332592	332589	3412.56	0.814141282099	4
CNAG_06396	13	374694	374717	374695	904.46	-0.421117446522	24
CNAG_06426	13	445741	445791	445776	1082.34	-1.04552655347	51
CNAG_06597	7	228731	228786	228760	1405.21	-1.43027309663	56
CNAG_06602	7	242506	242554	242535	2605.71	-1.35791201114	49
CNAG_06602_left	7	242506	242554	242535	2605.71	-1.35791201114	49
CNAG_06602_right	7	242596	242613	242597	1767.19	-0.339954974563	18
CNAG_06635	7	338079	338086	338082	1102.16	-0.246187812471	8
CNAG_06663	7	415030	415076	415055	988.67	-2.26375890457	47
CNAG_06699	7	523819	523824	523820	8125.57	0.5022127429	6
CNAG_06745	2	160425	160432	160428	10094.53	-0.362814978107	8
CNAG_06746	2	158086	158091	158087	12767.2	0.0581587729938	6
CNAG_06753	2	136095	136108	136102	2067.66	-0.26298295202	14
CNAG_06770	2	81795	81819	81796	1658.51	-0.208851303252	25
CNAG_06782	2	51712	51735	51712	1273.19	0.00843930545415	24
CNAG_06800	2	5302	5333	5332	46336.7	-0.552364406918	32
CNAG_06811	5	201072	201099	201075	1873.46	-1.10288408496	28
CNAG_06827	5	144348	144371	144358	1399.58	-0.814124018576	24
CNAG_06849	5	77822	77832	77826	945.49	-0.586891173184	11
CNAG_06866	5	35501	35573	35558	1171.49	-1.93451359612	73
CNAG_06881	3	1412135	1412191	1412170	2133.41	-1.22333468121	57
CNAG_06899	3	1459499	1459530	1459526	1897.59	-1.81417353676	32
CNAG_06923	3	1527107	1527123	1527108	827.09	-0.751650627646	17
CNAG_06949	5	774855	774870	774864	896.82	0.0820913813525	16
CNAG_06998	9	1149892	1149920	1149911	2633.16	-1.81320943621	29
CNAG_07029	1	590497	590524	590502	862.05	-1.01394317929	28
CNAG_07310	1	283972	283996	283983	1477.35	-1.3844403651	25
CNAG_07326	1	558638	558655	558648	9044.6	-0.0895333184461	18
CNAG_07352	1	868984	869002	868999	1332.77	-0.612151992489	19
CNAG_07356	1	895412	895472	895439	983.95	-1.03333286512	61
CNAG_07368	1	1426290	1426316	1426290	1096.84	-0.995736814623	27
CNAG_07487	2	1299434	1299436	1299435	4258.41	1.05602292654	3
CNAG_07561	3	1208993	1208994	1208993	1272.38	1.29530924634	2
CNAG_07745	8	1219607	1219616	1219607	2515.89	0.0530938141756	10
CNAG_07765	9	736477	736490	736485	12879.7	-0.383344817806	14
CNAG_07807	4	310691	310696	310692	4585.96	0.1623782783	6
CNAG_07810	4	409372	409411	409395	842.1	-1.26747129386	40
CNAG_07839	10	31735	31739	31735	3106.57	0.552158494467	5
CNAG_07941	13	530572	530615	530614	788.58	-1.3718497669	44
CNAG_07941_left	13	530572	530615	530614	788.58	-1.3718497669	44
CNAG_07941_right	13	530644	530644	530644	202.15	2.0	1
CNAG_08025	14	380750	380792	380776	860.13	-1.83519969687	43
